14695270,
14695367,
14695541,
14695813,
14749242,
14748234,
14748346,
14748682,
14695367,
14695541,
14695813,
14749242,
14748234,
14748346,
14748682,
14748794,
14749130,
14751120,
14750763,
14750683,
14750325,
14750246,
14749878,
14749799,
14696131,
14696563,
14696579,
14697009,
14697025,
14750651,
14750349,
14745236,
14745691,
14745060,
14745252,
14744789,
14744804,
14744357,
14744370,
14748266,
14748314,
14748714,
14748762,
14749162,
14749210,
14749581,
14749606,
14749419,
14749371,
14748202,
14748378,
14748650,
14748826,
14749098,
14749274,
147495XX,
14695270,
14695367,
14695541,
14695813,
14749242,
14748234,
14748346,
14748682,
14748794,
14749130,
14751120,
14750763,
14750683,
14750325,
14750246,
14749878,
14749799,
14696131,
14696563,
14696579,
14697009,
14697025,
14750651,
14750349,
14745236,
14745691,
14745060,
14745252,
14744789,
14744804,
14744357,
14744370,
14748266,
14748314,
14748714,
14748762,
14749162,
14749210,
14749581,
14749606,
14749419,
14749371,
14748202,
14748378,
14748650,
14748826,
14749098,
14749274,
147495XX,
14695270,
14695367,
14695541,
14695813,
14749242,
14748234,
14748346,
14748682,
14748794,
14749130,
14751120,
14750763,
14750683,
14750325,
14750246,
14749878,
14749799,
14696131,
14696563,
14696579,
14697009,
14697025,
14750651,
14750349,
14745236,
14745691,
14745060,
14745252,
14744789,
14744804,
14744357,
14744370,
14748266,
14748314,
14748714,
14748762,
14749162,
14749210,
14749581,
14749606,
14749419,
14749371,
14748202,
14748378,
14748650,
14748826,
14749098,
14749274,
147495XX,
14695270,
14695367,
14695541,
14695813,
14749242,
14748234,
14748346,
14748682,
14748794,
14749130,
14751120,
14750763,
14750683,
14750325,
14750246,
14749878,
14749799,
14696131,
14696563,
14696579,
14697009,
14697025,
14750651,
14750349,
14745236,
14745691,
14745060,
14745252,
14744789,
14744804,
14744357,
14744370,
14748266,
14748314,
14748714,
14748762,
14749162,
14749210,
14749581,
14749606,
14749419,
14749371,
14748202,
14748378,
14748650,
14748826,
14749098,
14749274,
147495XX,
14695270,
14695367,
14695541,
14695813,
14749242,
14748234,
14748346,
14748682,
14748794,
14749130,
14751120,
14750763,
14750683,
14750325,
14750246,
14749878,
14749799,
14696131,
14696563,
14696579,
14697009,
14697025,
14750651,
14750349,
14745236,
14745691,
14745060,
14745252,
14744789,
14744804,
14744357,
14744370,
14748266,
14748314,
14748714,
14748762,
14749162,
14749210,
14749581,
14749606,
14749419,
14749371,
14748202,
14748378,
14748650,
14748826,
14749098,
14749274,
147495XX,
14695270,
14695367,
14695541,
14695813,
14749242,
14748234,
14748346,
14748682,
14748794,
14749130,
14751120,
14750763,
14750683,
14750325,
14750246,
14749878,
14749799,
14696131,
14696563,
14696579,
14697009,
14697025,
14750651,
14750349,
14745236,
14745691,
14745060,
14745252,
14744789,
14744804,
14744357,
14744370,
14748266,
14748314,
14748714,
14748762,
14749162,
14749210,
14749581,
14749606,
14749419,
14749371,
14748202,
14748378,
14748650,
14748826,
14749098,
14749274,
147495XX,
14695270,
14695367,
14695541,
14695813,
14749242,
14748234,
14748346,
14748682,
14748794,
14749130,
14751120,
14750763,
14750683,
14750325,
14750246,
14749878,
14749799,
14696131,
14696563,
14696579,
14697009,
14697025,
14750651,
14750349,
14745236,
14745691,
14745060,
14745252,
14744789,
14744804,
14744357,
14744370,
14748266,
14748314,
14748714,
14748762,
14749162,
14749210,
14749581,
14749606,
14749419,
14749371,
14748202,
14748378,
14748650,
14748826,
14749098,
14749274,
147495XX,
14695270,
14695367,
14695541,
14695813,
14749242,
14748234,
14748346,
14748682,
14748794,
14749130,
14751120,
14750763,
14750683,
14750325,
14750246,
14749878,
14749799,
14696131,
14696563,
14696579,
14697009,
14697025,
14750651,
14750349,
14745236,
14745691,
14745060,
14745252,
14744789,
14744804,
14744357,
14744370,
14748266,
14748314,
14748714,
14748762,
14749162,
14749210,
14749581,
14749606,
14749419,
14749371,
14748202,
14748378,
14748650,
14748826,
14749098,
14749274,
147495XX,
14695270,
14695367,
14695541,
14695813,
14749242,
14748234,
14748346,
14748682,
14748794,
14749130,
14751120,
14750763,
14750683,
14750325,
14750246,
14749878,
14749799,
14696131,
14696563,
14696579,
14697009,
14697025,
14750651,
14750349,
14745236,
14745691,
14745060,
14745252,
14744789,
14744804,
14744357,
14744370,
14748266,
14748314,
14748714,
14748762,
14749162,
14749210,
14749581,
14749606,
14749419,
14749371,
14748202,
14748378,
14748650,
14748826,
14749098,
14749274,
147495XX,
14695270,
14695367,
14695541,
14695813,
14749242,
14748234,
14748346,
14748682,
14748794,
14749130,
14751120,
14750763,
14750683,
14750325,
14750246,
14749878,
14749799,
14696131,
14696563,
14696579,
14697009,
14697025,
14750651,
14750349,
14745236,
14745691,
14745060,
14745252,
14744789,
14744804,
14744357,
14744370,
14748266,
14748314,
14748714,
14748762,
14749162,
14749210,
14749581,
14749606,
14749419,
14749371,
14748202,
14748378,
14748650,
14748826,
14749098,
14749274,
147495XX,
14695270,
14695367,
14695541,
14695813,
14749242,
14748234,
14748346,
14748682,
14748794,
14749130,
14751120,
14750763,
14750683,
14750325,
14750246,
14749878,
14749799,
14696131,
14696563,
14696579,
14697009,
14697025,
14750651,
14750349,
14745236,
14745691,
14745060,
14745252,
14744789,
14744804,
14744357,
14744370,
14748266,
14748314,
14748714,
14748762,
14749162,
14749210,
14749581,
14749606,
14749419,
14749371,
14748202,
14748378,
14748650,
14748826,
14749098,
14749274,
147495XX,
14695270,
14695367,
14695541,
14695813,
14749242,
14748234,
14748346,
14748682,
14748794,
14749130,
14751120,
14750763,
14750683,
14750325,
14750246,
14749878,
14749799,
14696131,
14696563,
14696579,
14697009,
14697025,
14750651,
14750349,
14745236,
14745691,
14745060,
14745252,
14744789,
14744804,
14744357,
14744370,
14748266,
14748314,
14748714,
14748762,
14749162,
14749210,
14749581,
14749606,
14749419,
14749371,
14748202,
14748378,
14748650,
14748826,
14749098,
14749274,
147495XX,
14695270,
14695367,
14695541,
14695813,
14749242,
14748234,
14748346,
14748682,
14748794,
14749130,
14751120,
14750763,
14750683,
14750325,
14750246,
14749878,
14749799,
14696131,
14696563,
14696579,
14697009,
14697025,
14750651,
14750349,
14745236,
14745691,
14745060,
14745252,
14744789,
14744804,
14744357,
14744370,
14748266,
14748314,
14748714,
14748762,
14749162,
14749210,
14749581,
14749606,
14749419,
14749371,
14748202,
14748378,
14748650,
14748826,
14749098,
14749274,
147495XX,
14695270,
14695367,
14695541,
14695813,
14749242,
14748234,
14748346,
14748682,
14748794,
14749130,
14751120,
14750763,
14750683,
14750325,
14750246,
14749878,
14749799,
14696131,
14696563,
14696579,
14697009,
14697025,
14750651,
14750349,
14745236,
14745691,
14745060,
14745252,
14744789,
14744804,
14744357,
14744370,
14748266,
14748314,
14748714,
14748762,
14749162,
14749210,
14749581,
14749606,
14749419,
14749371,
14748202,
14748378,
14748650,
14748826,
14749098,
14749274,
147495XX,
14695270,
14695367,
14695541,
14695813,
14749242,
14748234,
14748346,
14748682,
14748794,
14749130,
14751120,
14750763,
14750683,
14750325,
14750246,
14749878,
14749799,
14696131,
14696563,
14696579,
14697009,
14697025,
14750651,
14750349,
14745236,
14745691,
14745060,
14745252,
14744789,
14744804,
14744357,
14744370,
14748266,
14748314,
14748714,
14748762,
14749162,
14749210,
14749581,
14749606,
14749419,
14749371,
14748202,
14748378,
14748650,
14748826,
14749098,
14749274,
147495XX,
14695270,
14695367,
14695541,
14695813,
14749242,
14748234,
14748346,
14748682,
14748794,
14749130,
14751120,
14750763,
14750683,
14750325,
14750246,
14749878,
14749799,
14696131,
14696563,
14696579,
14697009,
14697025,
14750651,
14750349,
14745236,
14745691,
14745060,
14745252,
14744789,
14744804,
14744357,
14744370,
14748266,
14748314,
14748714,
14748762,
14749162,
14749210,
14749581,
14749606,
14749419,
14749371,
14748202,
14748378,
14748650,
14748826,
14749098,
14749274,
147495XX,
14695270,
14695367,
14695541,
14695813,
14749242,
14748234,
14748346,
14748682,
14748794,
14749130,
14751120,
14750763,
14750683,
14750325,
14750246,
14749878,
14749799,
14696131,
14696563,
14696579,
14697009,
14697025,
14750651,
14750349,
14745236,
14745691,
14745060,
14745252,
14744789,
14744804,
14744357,
14744370,
14748266,
14748314,
14748714,
14748762,
14749162,
14749210,
14749581,
14749606,
14749419,
14749371,
14748202,
14748378,
14748650,
14748826,
14749098,
14749274,
147495XX,
14695270,
14695367,
14695541,
14695813,
14749242,
14748234,
14748346,
14748682,
14748794,
14749130,
14751120,
14750763,
14750683,
14750325,
14750246,
14749878,
14749799,
14696131,
14696563,
14696579,
14697009,
14697025,
14750651,
14750349,
14745236,
14745691,
14745060,
14745252,
14744789,
14744804,
14744357,
14744370,
14748266,
14748314,
14748714,
14748762,
14749162,
14749210,
14749581,
14749606,
14749419,
14749371,
14748202,
14748378,
14748650,
14748826,
14749098,
14749274,
147495XX,
14695270,
14695367,
14695541,
14695813,
14749242,
14748234,
14748346,
14748682,
14748794,
14749130,
14751120,
14750763,
14750683,
14750325,
14750246,
14749878,
14749799,
14696131,
14696563,
14696579,
14697009,
14697025,
14750651,
14750349,
14745236,
14745691,
14745060,
14745252,
14744789,
14744804,
14744357,
14744370,
14748266,
14748314,
14748714,
14748762,
14749162,
14749210,
14749581,
14749606,
14749419,
14749371,
14748202,
14748378,
14748650,
14748826,
14749098,
14749274,
14749537,
